|N|: 20
|E|: 2
|K|: 20
C: 20
Q: 281
r_1: 0.427
r_2: 5
c_1: 0.6
c_2: 0.4
p_1^e: 3
p_2^e: 200
task	o(xi)	o(yi)	d(xi)	d(yi)	ai	bi	L/U
1	999.2	300	324.9	1042.8	357.7	520.7	L
2	1418.7	579	1108	837.1	181.9	301.9	L
3	385.3	1465.9	874.5	735	193.1	401.3	U
4	576.8	1145.6	882.6	650.9	585.8	734	L
5	545	1134.3	653.2	772.7	184	354.3	L
6	837.3	511.1	751.2	354.4	108.6	236.2	L
7	199.1	133.8	1484.4	1468.4	587.7	718.8	U
8	673.8	1254.2	903.5	474.6	877.1	1066.8	L
9	795	1204.3	1040.5	444.7	535.8	771.4	U
10	982.2	468.2	241.3	555.5	363.7	543.4	L
11	830.3	524.6	1351.9	1196.2	1071	1285.7	U
12	759.5	974	373	1052.4	290.3	437.9	L
13	337.7	1329.8	382.5	120.7	1095	1260.5	L
14	114	880.5	896.2	565.7	853.5	977.5	L
15	772.7	992.7	288	997.5	1060.1	1210.8	L
16	751.8	716.6	903.9	1319.1	846.4	997	U
17	1114.9	1133.5	787.6	34	276.1	465	U
18	1345.8	1176.3	143.3	1287.6	86.7	295.6	U
19	350.3	975.9	916.6	1422.4	775.1	985.2	U
20	416.7	948.3	99.5	1102.7	648.7	769.9	L
station p_x_i p_y_i
0 0 0
1 400 400
2 1400 1400 
